1.273671264205386844e-01
2.799455024140231132e-02
1.769735987980356554e-28
1.011471129504297653e-27
5.459119929323527022e-28
1.178037255740334993e-02
4.888766707841583727e-28
1.394249605847304964e-28
6.087489282335543472e-28
9.003280365412013757e-28
4.160291229825867687e-28
6.674858032782350337e-28
-1.969432765754667702e-03
1.154719135870621112e-27
5.331868224339550433e-03
6.264081658586949670e-28
2.722289536270092875e-02
4.558369790788260011e-03
1.616902810178468819e-01
5.282545106347697611e-03
1.871232776933034192e-01
7.441763816072563369e-03
2.061335281423998245e-01
2.808159922823478460e-29
5.586970908378788425e-28
5.476699421078506174e-28
1.814248932215288276e-28
5.284086811779332597e-28
4.383531239671660809e-28
5.097244956445961895e-28
5.591206223242710698e-28
3.956132165967621075e-28
6.237644018084197912e-28
6.922571401937983948e-28
9.632942760382560811e-28
4.045824949293319649e-28
2.448617856508534824e-04
3.870762389252336226e-28
4.923284724852713022e-28
8.196217353556612633e-29
1.869331822710698990e-02
7.632720507297291701e-28
1.011579319764764419e-27
8.825820900312923040e-28
1.505332016615146436e-02
3.903941986208698655e-03
9.179711855925925743e-03
4.910284570716944193e-03
5.181789379295347556e-28
